0.65,    0.68
0.67,    0.69
0.69,    0.70
0.67,    0.70
0.67,    0.69
0.67,    0.70
0.67,    0.69
0.67,    0.70
0.67,    0.69
0.66,    0.67
0.66,    0.67
0.63,    0.66
0.63,    0.64
0.58,    0.59
0.53,    0.56
0.47,    0.49
0.38,    0.41
0.29,    0.30
0.18,    0.18
0.06,    0.11
0.00,    0.00
0.03,    0.03
0.14,    0.14
0.23,    0.24
0.34,    0.35
0.41,    0.44
0.50,    0.50
0.55,    0.56
0.58,    0.61
0.63,    0.64
0.64,    0.66
0.66,    0.67
0.67,    0.67
0.67,    0.69
0.69,    0.70
0.69,    0.69
0.69,    0.70
0.67,    0.69
0.69,    0.70
0.69,    0.70
0.68,    0.68


///////fully charged////////
0.74    0.77
0.76    0.81
0.76    0.79
0.78    0.79
0.76    0.79
0.78    0.79
0.76    0.79
0.78    0.78
0.75    0.78
0.75    0.78
0.73    0.75
0.72    0.73
0.69    0.70
0.66    0.67
0.58    0.59
0.50    0.53
0.40    0.43
0.30    0.30
0.18    0.21
0.09    0.12
0.00    0.00
0.03    0.03
0.12    0.15
0.24    0.24
0.35    0.35
0.44    0.47
0.55    0.55
0.59    0.61
0.66    0.67
0.69    0.70
0.72    0.73
0.75    0.76
0.75    0.76
0.76    0.78
0.78    0.78
0.78    0.79
0.78    0.79
0.79    0.78
0.78    0.79
0.78    0.79
0.79    0.79
